220
01 01 5.00 1.50
02 01 4.00 3.00
02 02 3.00 4.00
03 01 4.50 3.00
03 01 7.50 2.50
03 01 6.00 0.50
04 01 2.00 3.00
04 02 2.00 3.00
05 01 1.50 3.00
07 01 5.00 1.00
09 01 1.50 6.00
-1

221
01 01 3.00 1.50
02 01 3.00 4.50
03 01 4.00 5.00
04 01 3.00 2.00
05 01 2.00 1.00
07 01 2.00 1.00
09 01 1.00 4.00
-1

223
01 01 3.00 1.50
02 01 3.00 4.50
03 01 4.00 5.00
03 01 3.00 5.00
03 01 6.00 10.00
04 01 3.00 2.00
05 01 2.00 1.00
07 01 2.00 1.00
09 01 1.00 4.00
-1

230
01 01 3.00 1.50
01 01 3.00 4.50
01 01 4.00 5.00
01 01 3.00 5.00
01 01 6.00 10.00
01 01 3.00 2.00
01 01 2.00 1.00
01 01 2.00 1.00
01 01 1.00 4.00
01 01 3.00 1.50
01 01 3.00 4.50
01 01 4.00 5.00
01 01 3.00 5.00
01 01 6.00 10.00
01 01 3.00 2.00
01 01 2.00 1.00
01 01 2.00 1000.00
01 01 1.00 400.00
-1
230
01 01 3.00 1.50
01 01 3.00 4.50
01 01 4.00 5.00
01 01 3.00 5.00
01 01 6.00 10.00
01 01 3.00 2.00
01 01 2.00 1.00
01 01 2.00 1.00
01 01 1.00 4.00
01 01 3.00 1.50
01 01 3.00 4.50
01 01 4.00 5.00
01 01 3.00 5.00
01 01 6.00 10.00
01 01 3.00 2.00
01 01 2.00 1.00
01 01 2.00 1000.00
01 01 1.00 400.00
-1
230
01 01 3.00 1.50
01 01 3.00 4.50
01 01 4.00 5.00
01 01 3.00 5.00
01 01 6.00 10.00
01 01 3.00 2.00
01 01 2.00 1.00
01 01 2.00 1.00
01 01 1.00 4.00
01 01 3.00 1.50
01 01 3.00 4.50
01 01 4.00 5.00
01 01 3.00 5.00
01 01 6.00 10.00
01 01 3.00 2.00
01 01 2.00 1.00
01 01 2.00 1000.00
01 01 1.00 400.00
-1
230
01 01 3.00 1.50
01 01 3.00 4.50
01 01 4.00 5.00
01 01 3.00 5.00
01 01 6.00 10.00
01 01 3.00 2.00
01 01 2.00 1.00
01 01 2.00 1.00
01 01 1.00 4.00
01 01 3.00 1.50
01 01 3.00 4.50
01 01 4.00 5.00
01 01 3.00 5.00
01 01 6.00 10.00
01 01 3.00 2.00
01 01 2.00 1.00
01 01 2.00 1000.00
01 01 1.00 400.00
-1
230
01 01 3.00 1.50
01 01 3.00 4.50
01 01 4.00 5.00
01 01 3.00 5.00
01 01 6.00 10.00
01 01 3.00 2.00
01 01 2.00 1.00
01 01 2.00 1.00
01 01 1.00 4.00
01 01 3.00 1.50
01 01 3.00 4.50
01 01 4.00 5.00
01 01 3.00 5.00
01 01 6.00 10.00
01 01 3.00 2.00
01 01 2.00 1.00
01 01 2.00 1000.00
01 01 1.00 400.00
-1
230
01 01 3.00 1.50
01 01 3.00 4.50
01 01 4.00 5.00
01 01 3.00 5.00
01 01 6.00 10.00
01 01 3.00 2.00
01 01 2.00 1.00
01 01 2.00 1.00
01 01 1.00 4.00
01 01 3.00 1.50
01 01 3.00 4.50
01 01 4.00 5.00
01 01 3.00 5.00
01 01 6.00 10.00
01 01 3.00 2.00
01 01 2.00 1.00
01 01 2.00 1000.00
01 01 1.00 400.00
-1
220
01 01 5.00 1.50
02 01 4.00 3.00
02 02 3.00 4.00
03 01 4.50 3.00
03 01 7.50 2.50
03 01 6.00 0.50
04 01 2.00 3.00
04 02 2.00 3.00
05 01 1.50 3.00
07 01 5.00 1.00
09 01 1.50 6.00
-1

221
01 01 3.00 1.50
02 01 3.00 4.50
03 01 4.00 5.00
04 01 3.00 2.00
05 01 2.00 1.00
07 01 2.00 1.00
09 01 1.00 4.00
-1

223
01 01 3.00 1.50
02 01 3.00 4.50
03 01 4.00 5.00
03 01 3.00 5.00
03 01 6.00 10.00
04 01 3.00 2.00
05 01 2.00 1.00
07 01 2.00 1.00
09 01 1.00 4.00
-1

230
01 01 3.00 1.50
01 01 3.00 4.50
01 01 4.00 5.00
01 01 3.00 5.00
01 01 6.00 10.00
01 01 3.00 2.00
01 01 2.00 1.00
01 01 2.00 1.00
01 01 1.00 4.00
01 01 3.00 1.50
01 01 3.00 4.50
01 01 4.00 5.00
01 01 3.00 5.00
01 01 6.00 10.00
01 01 3.00 2.00
01 01 2.00 1.00
01 01 2.00 1000.00
01 01 1.00 400.00
-1
230
01 01 3.00 1.50
01 01 3.00 4.50
01 01 4.00 5.00
01 01 3.00 5.00
01 01 6.00 10.00
01 01 3.00 2.00
01 01 2.00 1.00
01 01 2.00 1.00
01 01 1.00 4.00
01 01 3.00 1.50
01 01 3.00 4.50
01 01 4.00 5.00
01 01 3.00 5.00
01 01 6.00 10.00
01 01 3.00 2.00
01 01 2.00 1.00
01 01 2.00 1000.00
01 01 1.00 400.00
-1
230
01 01 3.00 1.50
01 01 3.00 4.50
01 01 4.00 5.00
01 01 3.00 5.00
01 01 6.00 10.00
01 01 3.00 2.00
01 01 2.00 1.00
01 01 2.00 1.00
01 01 1.00 4.00
01 01 3.00 1.50
01 01 3.00 4.50
01 01 4.00 5.00
01 01 3.00 5.00
01 01 6.00 10.00
01 01 3.00 2.00
01 01 2.00 1.00
01 01 2.00 1000.00
01 01 1.00 400.00
-1
230
01 01 3.00 1.50
01 01 3.00 4.50
01 01 4.00 5.00
01 01 3.00 5.00
01 01 6.00 10.00
01 01 3.00 2.00
01 01 2.00 1.00
01 01 2.00 1.00
01 01 1.00 4.00
01 01 3.00 1.50
01 01 3.00 4.50
01 01 4.00 5.00
01 01 3.00 5.00
01 01 6.00 10.00
01 01 3.00 2.00
01 01 2.00 1.00
01 01 2.00 1000.00
01 01 1.00 400.00
-1
230
01 01 3.00 1.50
01 01 3.00 4.50
01 01 4.00 5.00
01 01 3.00 5.00
01 01 6.00 10.00
01 01 3.00 2.00
01 01 2.00 1.00
01 01 2.00 1.00
01 01 1.00 4.00
01 01 3.00 1.50
01 01 3.00 4.50
01 01 4.00 5.00
01 01 3.00 5.00
01 01 6.00 10.00
01 01 3.00 2.00
01 01 2.00 1.00
01 01 2.00 1000.00
01 01 1.00 400.00
-1
230
01 01 3.00 1.50
01 01 3.00 4.50
01 01 4.00 5.00
01 01 3.00 5.00
01 01 6.00 10.00
01 01 3.00 2.00
01 01 2.00 1.00
01 01 2.00 1.00
01 01 1.00 4.00
01 01 3.00 1.50
01 01 3.00 4.50
01 01 4.00 5.00
01 01 3.00 5.00
01 01 6.00 10.00
01 01 3.00 2.00
01 01 2.00 1.00
01 01 2.00 1000.00
01 01 1.00 400.00
-1
220
01 01 5.00 1.50
02 01 4.00 3.00
02 02 3.00 4.00
03 01 4.50 3.00
03 01 7.50 2.50
03 01 6.00 0.50
04 01 2.00 3.00
04 02 2.00 3.00
05 01 1.50 3.00
07 01 5.00 1.00
09 01 1.50 6.00
-1

221
01 01 3.00 1.50
02 01 3.00 4.50
03 01 4.00 5.00
04 01 3.00 2.00
05 01 2.00 1.00
07 01 2.00 1.00
09 01 1.00 4.00
-1

223
01 01 3.00 1.50
02 01 3.00 4.50
03 01 4.00 5.00
03 01 3.00 5.00
03 01 6.00 10.00
04 01 3.00 2.00
05 01 2.00 1.00
07 01 2.00 1.00
09 01 1.00 4.00
-1

230
01 01 3.00 1.50
01 01 3.00 4.50
01 01 4.00 5.00
01 01 3.00 5.00
01 01 6.00 10.00
01 01 3.00 2.00
01 01 2.00 1.00
01 01 2.00 1.00
01 01 1.00 4.00
01 01 3.00 1.50
01 01 3.00 4.50
01 01 4.00 5.00
01 01 3.00 5.00
01 01 6.00 10.00
01 01 3.00 2.00
01 01 2.00 1.00
01 01 2.00 1000.00
01 01 1.00 400.00
-1
230
01 01 3.00 1.50
01 01 3.00 4.50
01 01 4.00 5.00
01 01 3.00 5.00
01 01 6.00 10.00
01 01 3.00 2.00
01 01 2.00 1.00
01 01 2.00 1.00
01 01 1.00 4.00
01 01 3.00 1.50
01 01 3.00 4.50
01 01 4.00 5.00
01 01 3.00 5.00
01 01 6.00 10.00
01 01 3.00 2.00
01 01 2.00 1.00
01 01 2.00 1000.00
01 01 1.00 400.00
-1
230
01 01 3.00 1.50
01 01 3.00 4.50
01 01 4.00 5.00
01 01 3.00 5.00
01 01 6.00 10.00
01 01 3.00 2.00
01 01 2.00 1.00
01 01 2.00 1.00
01 01 1.00 4.00
01 01 3.00 1.50
01 01 3.00 4.50
01 01 4.00 5.00
01 01 3.00 5.00
01 01 6.00 10.00
01 01 3.00 2.00
01 01 2.00 1.00
01 01 2.00 1000.00
01 01 1.00 400.00
-1
230
01 01 3.00 1.50
01 01 3.00 4.50
01 01 4.00 5.00
01 01 3.00 5.00
01 01 6.00 10.00
01 01 3.00 2.00
01 01 2.00 1.00
01 01 2.00 1.00
01 01 1.00 4.00
01 01 3.00 1.50
01 01 3.00 4.50
01 01 4.00 5.00
01 01 3.00 5.00
01 01 6.00 10.00
01 01 3.00 2.00
01 01 2.00 1.00
01 01 2.00 1000.00
01 01 1.00 400.00
-1
230
01 01 3.00 1.50
01 01 3.00 4.50
01 01 4.00 5.00
01 01 3.00 5.00
01 01 6.00 10.00
01 01 3.00 2.00
01 01 2.00 1.00
01 01 2.00 1.00
01 01 1.00 4.00
01 01 3.00 1.50
01 01 3.00 4.50
01 01 4.00 5.00
01 01 3.00 5.00
01 01 6.00 10.00
01 01 3.00 2.00
01 01 2.00 1.00
01 01 2.00 1000.00
01 01 1.00 400.00
-1
230
01 01 3.00 1.50
01 01 3.00 4.50
01 01 4.00 5.00
01 01 3.00 5.00
01 01 6.00 10.00
01 01 3.00 2.00
01 01 2.00 1.00
01 01 2.00 1.00
01 01 1.00 4.00
01 01 3.00 1.50
01 01 3.00 4.50
01 01 4.00 5.00
01 01 3.00 5.00
01 01 6.00 10.00
01 01 3.00 2.00
01 01 2.00 1.00
01 01 2.00 1000.00
01 01 1.00 400.00
-1
220
01 01 5.00 1.50
02 01 4.00 3.00
02 02 3.00 4.00
03 01 4.50 3.00
03 01 7.50 2.50
03 01 6.00 0.50
04 01 2.00 3.00
04 02 2.00 3.00
05 01 1.50 3.00
07 01 5.00 1.00
09 01 1.50 6.00
-1

221
01 01 3.00 1.50
02 01 3.00 4.50
03 01 4.00 5.00
04 01 3.00 2.00
05 01 2.00 1.00
07 01 2.00 1.00
09 01 1.00 4.00
-1

223
01 01 3.00 1.50
02 01 3.00 4.50
03 01 4.00 5.00
03 01 3.00 5.00
03 01 6.00 10.00
04 01 3.00 2.00
05 01 2.00 1.00
07 01 2.00 1.00
09 01 1.00 4.00
-1

230
01 01 3.00 1.50
01 01 3.00 4.50
01 01 4.00 5.00
01 01 3.00 5.00
01 01 6.00 10.00
01 01 3.00 2.00
01 01 2.00 1.00
01 01 2.00 1.00
01 01 1.00 4.00
01 01 3.00 1.50
01 01 3.00 4.50
01 01 4.00 5.00
01 01 3.00 5.00
01 01 6.00 10.00
01 01 3.00 2.00
01 01 2.00 1.00
01 01 2.00 1000.00
01 01 1.00 400.00
-1
230
01 01 3.00 1.50
01 01 3.00 4.50
01 01 4.00 5.00
01 01 3.00 5.00
01 01 6.00 10.00
01 01 3.00 2.00
01 01 2.00 1.00
01 01 2.00 1.00
01 01 1.00 4.00
01 01 3.00 1.50
01 01 3.00 4.50
01 01 4.00 5.00
01 01 3.00 5.00
01 01 6.00 10.00
01 01 3.00 2.00
01 01 2.00 1.00
01 01 2.00 1000.00
01 01 1.00 400.00
-1
230
01 01 3.00 1.50
01 01 3.00 4.50
01 01 4.00 5.00
01 01 3.00 5.00
01 01 6.00 10.00
01 01 3.00 2.00
01 01 2.00 1.00
01 01 2.00 1.00
01 01 1.00 4.00
01 01 3.00 1.50
01 01 3.00 4.50
01 01 4.00 5.00
01 01 3.00 5.00
01 01 6.00 10.00
01 01 3.00 2.00
01 01 2.00 1.00
01 01 2.00 1000.00
01 01 1.00 400.00
-1
230
01 01 3.00 1.50
01 01 3.00 4.50
01 01 4.00 5.00
01 01 3.00 5.00
01 01 6.00 10.00
01 01 3.00 2.00
01 01 2.00 1.00
01 01 2.00 1.00
01 01 1.00 4.00
01 01 3.00 1.50
01 01 3.00 4.50
01 01 4.00 5.00
01 01 3.00 5.00
01 01 6.00 10.00
01 01 3.00 2.00
01 01 2.00 1.00
01 01 2.00 1000.00
01 01 1.00 400.00
-1
230
01 01 3.00 1.50
01 01 3.00 4.50
01 01 4.00 5.00
01 01 3.00 5.00
01 01 6.00 10.00
01 01 3.00 2.00
01 01 2.00 1.00
01 01 2.00 1.00
01 01 1.00 4.00
01 01 3.00 1.50
01 01 3.00 4.50
01 01 4.00 5.00
01 01 3.00 5.00
01 01 6.00 10.00
01 01 3.00 2.00
01 01 2.00 1.00
01 01 2.00 1000.00
01 01 1.00 400.00
-1
230
01 01 3.00 1.50
01 01 3.00 4.50
01 01 4.00 5.00
01 01 3.00 5.00
01 01 6.00 10.00
01 01 3.00 2.00
01 01 2.00 1.00
01 01 2.00 1.00
01 01 1.00 4.00
01 01 3.00 1.50
01 01 3.00 4.50
01 01 4.00 5.00
01 01 3.00 5.00
01 01 6.00 10.00
01 01 3.00 2.00
01 01 2.00 1.00
01 01 2.00 1000.00
01 01 1.00 400.00
-1
220
01 01 5.00 1.50
02 01 4.00 3.00
02 02 3.00 4.00
03 01 4.50 3.00
03 01 7.50 2.50
03 01 6.00 0.50
04 01 2.00 3.00
04 02 2.00 3.00
05 01 1.50 3.00
07 01 5.00 1.00
09 01 1.50 6.00
-1

221
01 01 3.00 1.50
02 01 3.00 4.50
03 01 4.00 5.00
04 01 3.00 2.00
05 01 2.00 1.00
07 01 2.00 1.00
09 01 1.00 4.00
-1

223
01 01 3.00 1.50
02 01 3.00 4.50
03 01 4.00 5.00
03 01 3.00 5.00
03 01 6.00 10.00
04 01 3.00 2.00
05 01 2.00 1.00
07 01 2.00 1.00
09 01 1.00 4.00
-1

230
01 01 3.00 1.50
01 01 3.00 4.50
01 01 4.00 5.00
01 01 3.00 5.00
01 01 6.00 10.00
01 01 3.00 2.00
01 01 2.00 1.00
01 01 2.00 1.00
01 01 1.00 4.00
01 01 3.00 1.50
01 01 3.00 4.50
01 01 4.00 5.00
01 01 3.00 5.00
01 01 6.00 10.00
01 01 3.00 2.00
01 01 2.00 1.00
01 01 2.00 1000.00
01 01 1.00 400.00
-1
230
01 01 3.00 1.50
01 01 3.00 4.50
01 01 4.00 5.00
01 01 3.00 5.00
01 01 6.00 10.00
01 01 3.00 2.00
01 01 2.00 1.00
01 01 2.00 1.00
01 01 1.00 4.00
01 01 3.00 1.50
01 01 3.00 4.50
01 01 4.00 5.00
01 01 3.00 5.00
01 01 6.00 10.00
01 01 3.00 2.00
01 01 2.00 1.00
01 01 2.00 1000.00
01 01 1.00 400.00
-1
230
01 01 3.00 1.50
01 01 3.00 4.50
01 01 4.00 5.00
01 01 3.00 5.00
01 01 6.00 10.00
01 01 3.00 2.00
01 01 2.00 1.00
01 01 2.00 1.00
01 01 1.00 4.00
01 01 3.00 1.50
01 01 3.00 4.50
01 01 4.00 5.00
01 01 3.00 5.00
01 01 6.00 10.00
01 01 3.00 2.00
01 01 2.00 1.00
01 01 2.00 1000.00
01 01 1.00 400.00
-1
230
01 01 3.00 1.50
01 01 3.00 4.50
01 01 4.00 5.00
01 01 3.00 5.00
01 01 6.00 10.00
01 01 3.00 2.00
01 01 2.00 1.00
01 01 2.00 1.00
01 01 1.00 4.00
01 01 3.00 1.50
01 01 3.00 4.50
01 01 4.00 5.00
01 01 3.00 5.00
01 01 6.00 10.00
01 01 3.00 2.00
01 01 2.00 1.00
01 01 2.00 1000.00
01 01 1.00 400.00
-1
230
01 01 3.00 1.50
01 01 3.00 4.50
01 01 4.00 5.00
01 01 3.00 5.00
01 01 6.00 10.00
01 01 3.00 2.00
01 01 2.00 1.00
01 01 2.00 1.00
01 01 1.00 4.00
01 01 3.00 1.50
01 01 3.00 4.50
01 01 4.00 5.00
01 01 3.00 5.00
01 01 6.00 10.00
01 01 3.00 2.00
01 01 2.00 1.00
01 01 2.00 1000.00
01 01 1.00 400.00
-1
230
01 01 3.00 1.50
01 01 3.00 4.50
01 01 4.00 5.00
01 01 3.00 5.00
01 01 6.00 10.00
01 01 3.00 2.00
01 01 2.00 1.00
01 01 2.00 1.00
01 01 1.00 4.00
01 01 3.00 1.50
01 01 3.00 4.50
01 01 4.00 5.00
01 01 3.00 5.00
01 01 6.00 10.00
01 01 3.00 2.00
01 01 2.00 1.00
01 01 2.00 1000.00
01 01 1.00 400.00
-1
220
01 01 5.00 1.50
02 01 4.00 3.00
02 02 3.00 4.00
03 01 4.50 3.00
03 01 7.50 2.50
03 01 6.00 0.50
04 01 2.00 3.00
04 02 2.00 3.00
05 01 1.50 3.00
07 01 5.00 1.00
09 01 1.50 6.00
-1

221
01 01 3.00 1.50
02 01 3.00 4.50
03 01 4.00 5.00
04 01 3.00 2.00
05 01 2.00 1.00
07 01 2.00 1.00
09 01 1.00 4.00
-1

223
01 01 3.00 1.50
02 01 3.00 4.50
03 01 4.00 5.00
03 01 3.00 5.00
03 01 6.00 10.00
04 01 3.00 2.00
05 01 2.00 1.00
07 01 2.00 1.00
09 01 1.00 4.00
-1

230
01 01 3.00 1.50
01 01 3.00 4.50
01 01 4.00 5.00
01 01 3.00 5.00
01 01 6.00 10.00
01 01 3.00 2.00
01 01 2.00 1.00
01 01 2.00 1.00
01 01 1.00 4.00
01 01 3.00 1.50
01 01 3.00 4.50
01 01 4.00 5.00
01 01 3.00 5.00
01 01 6.00 10.00
01 01 3.00 2.00
01 01 2.00 1.00
01 01 2.00 1000.00
01 01 1.00 400.00
-1
230
01 01 3.00 1.50
01 01 3.00 4.50
01 01 4.00 5.00
01 01 3.00 5.00
01 01 6.00 10.00
01 01 3.00 2.00
01 01 2.00 1.00
01 01 2.00 1.00
01 01 1.00 4.00
01 01 3.00 1.50
01 01 3.00 4.50
01 01 4.00 5.00
01 01 3.00 5.00
01 01 6.00 10.00
01 01 3.00 2.00
01 01 2.00 1.00
01 01 2.00 1000.00
01 01 1.00 400.00
-1
230
01 01 3.00 1.50
01 01 3.00 4.50
01 01 4.00 5.00
01 01 3.00 5.00
01 01 6.00 10.00
01 01 3.00 2.00
01 01 2.00 1.00
01 01 2.00 1.00
01 01 1.00 4.00
01 01 3.00 1.50
01 01 3.00 4.50
01 01 4.00 5.00
01 01 3.00 5.00
01 01 6.00 10.00
01 01 3.00 2.00
01 01 2.00 1.00
01 01 2.00 1000.00
01 01 1.00 400.00
-1
230
01 01 3.00 1.50
01 01 3.00 4.50
01 01 4.00 5.00
01 01 3.00 5.00
01 01 6.00 10.00
01 01 3.00 2.00
01 01 2.00 1.00
01 01 2.00 1.00
01 01 1.00 4.00
01 01 3.00 1.50
01 01 3.00 4.50
01 01 4.00 5.00
01 01 3.00 5.00
01 01 6.00 10.00
01 01 3.00 2.00
01 01 2.00 1.00
01 01 2.00 1000.00
01 01 1.00 400.00
-1
230
01 01 3.00 1.50
01 01 3.00 4.50
01 01 4.00 5.00
01 01 3.00 5.00
01 01 6.00 10.00
01 01 3.00 2.00
01 01 2.00 1.00
01 01 2.00 1.00
01 01 1.00 4.00
01 01 3.00 1.50
01 01 3.00 4.50
01 01 4.00 5.00
01 01 3.00 5.00
01 01 6.00 10.00
01 01 3.00 2.00
01 01 2.00 1.00
01 01 2.00 1000.00
01 01 1.00 400.00
-1
230
01 01 3.00 1.50
01 01 3.00 4.50
01 01 4.00 5.00
01 01 3.00 5.00
01 01 6.00 10.00
01 01 3.00 2.00
01 01 2.00 1.00
01 01 2.00 1.00
01 01 1.00 4.00
01 01 3.00 1.50
01 01 3.00 4.50
01 01 4.00 5.00
01 01 3.00 5.00
01 01 6.00 10.00
01 01 3.00 2.00
01 01 2.00 1.00
01 01 2.00 1000.00
01 01 1.00 400.00
-1
